TcpVegas	15	1	161584	161471
TcpHybla	15	1	169657	162917
TcpVeno		15	1	166829	162297
TcpWestwoodPlus	15	1	166347	163050
TcpLedbat	15	1	156559	155235
TcpHybla	30	1	296480	279624
TcpLedbat	30	1	282284	278853
TcpVegas	30	1	279377	275374
TcpVeno		30	1	290128	279060
TcpWestwoodPlus	30	1	283824	273976
TcpHybla	45	1	372748	323069
TcpVegas	45	1	294751	278688
TcpVeno		45	1	348993	332796
TcpWestwoodPlus	45	1	341140	322895
TcpLedbat	45	1	313513	308921
TcpHybla	60	1	337004	256531
TcpVegas	60	1	351080	316318
TcpVegas	60	1	351080	316318
TcpVeno		60	1	322339	293020
TcpWestwoodPlus	60	1	229582	207742
TcpLedbat	60	1	304284	296479
TcpHybla	75	1	303433	223834
TcpVegas	75	1	323204	290410
TcpVeno		75	1	232631	206613
TcpWestwoodPlus	75	1	331460	294870
TcpLedbat	75	1	257050  247553	
